3738421201
3738421190
3738418455
3715327969
3733787846
3733041283
3720167065
3695468466
3738445011
3733037895
3738440900
3737691147
3733040394
3738421513
3738470757
3738463956
3738477059
3738424105
3739271750
3739122039
3738422809
3737911083
3737331572
3738418841
3733040946
3720388274
3737357415
3733044249
3733046186
3738487033
3738423195
3715334157
3738425088
3738422227
3738457859
3738430499
3737950875
3733040326
3738425045
3738424068
3738475188
3734856073
3737955156
3733042215
3737640210
3736934292
3738477107
3738491115
3738441747
3733036901
3736633581
3738432100
3733039798
3738417716
3733038931
3721048525
3738468900
3730133189
3720161922
3733043600
3738428449
3738523369
3738440804
3737642098
3738478931
3737642217
3738447286
3738453107
3733037955
3738594022
3733788684
3738435526
3738446966
3733039868
3739112865
3684854444
3738420619
3733040654
3735611591
3733738794
3733040888
3738428479
3733044171
3733037695
3733040531
3739528183
3733041004
3738418555
3733046822
3733042538
3739276188
3733038853
3733040909
3738526185
3738476941
3733039954
3737372351
3733043255
3737870067
3733795393
3733041305
3737154894
3733045401
3514611626
3730131870
3733044553
3738427755
3733791336
3738528691
3733039397
3733042092
3733779673
3738423216
3733777913
3737881073
3733042595
3733044163
3733041422
3738421435
3733039804
3738436267
3733040665
3738446875
3670855970
3733044609
3737866636
3733040549
3733041633
3735610510
3733042300
3737834068
3725978440
3737370689
3737637612
3733039305
3733039726
3738481190
3585563749
3733044375
3738997425
3733788685
3735611600
3738416982
3737353903
3733042410
3738427579
3733039995
3733043097
3628690689
3733042262
3733037690
3737330991
3733041449
3733044097
3733043387
3733046150
3738481787
3435649835
3733043270
3733041678
3733043086
3737358339
3733041392
3733036816
3733039896
3738370924
3738484075
3733041201
3733771563
3500427736
3733040918
3733042246
3733040241
3733780538
3691138490
3733044191
3735609514
3690767467
3739272380
3733043263
3733041347
3733047138
3733038708
3663492448
3738421595
3733045151
3737682971
3726597400
3734766404
3665317105
3733187235
3713995010
3738502467
3728276046
3695840050
3703441245
3453499242
3734549320
3736659183
